{
  "cells": [
    {
      "cell_type": "markdown",
      "id": "dbeb1d7a-1935-4458-a397-e0df785e0c24",
      "metadata": {
        "id": "dbeb1d7a-1935-4458-a397-e0df785e0c24"
      },
      "source": [
        "# Computing distances\n"
      ]
    },
    {
      "cell_type": "code",
      "execution_count": 2,
      "id": "c5b8f705-7140-44f2-b9c1-cb4e7c69985b",
      "metadata": {
        "id": "c5b8f705-7140-44f2-b9c1-cb4e7c69985b"
      },
      "outputs": [],
      "source": [
        "import pandas as pd\n",
        "import matplotlib.pyplot as plt"
      ]
    },
    {
      "cell_type": "code",
      "execution_count": 3,
      "id": "35b7052e-70d2-43d2-bc33-2662615c2a92",
      "metadata": {
        "colab": {
          "base_uri": "https://localhost:8080/",
          "height": 488
        },
        "id": "35b7052e-70d2-43d2-bc33-2662615c2a92",
        "outputId": "c58561d7-69bc-48ba-a6db-34f0dd7d9e6a"
      },
      "outputs": [
        {
          "data": {
            "text/html": [
              "<div>\n",
              "<style scoped>\n",
              "    .dataframe tbody tr th:only-of-type {\n",
              "        vertical-align: middle;\n",
              "    }\n",
              "\n",
              "    .dataframe tbody tr th {\n",
              "        vertical-align: top;\n",
              "    }\n",
              "\n",
              "    .dataframe thead th {\n",
              "        text-align: right;\n",
              "    }\n",
              "</style>\n",
              "<table border=\"1\" class=\"dataframe\">\n",
              "  <thead>\n",
              "    <tr style=\"text-align: right;\">\n",
              "      <th></th>\n",
              "      <th>broccoli</th>\n",
              "      <th>brussels_sprouts</th>\n",
              "      <th>hamburger (meat)</th>\n",
              "      <th>oysters (raw)</th>\n",
              "      <th>onion (raw)</th>\n",
              "      <th>peas</th>\n",
              "      <th>olives</th>\n",
              "      <th>blue_cheese</th>\n",
              "      <th>whisky</th>\n",
              "    </tr>\n",
              "    <tr>\n",
              "      <th>student</th>\n",
              "      <th></th>\n",
              "      <th></th>\n",
              "      <th></th>\n",
              "      <th></th>\n",
              "      <th></th>\n",
              "      <th></th>\n",
              "      <th></th>\n",
              "      <th></th>\n",
              "      <th></th>\n",
              "    </tr>\n",
              "  </thead>\n",
              "  <tbody>\n",
              "    <tr>\n",
              "      <th>Agustín</th>\n",
              "      <td>6</td>\n",
              "      <td>6</td>\n",
              "      <td>9</td>\n",
              "      <td>8</td>\n",
              "      <td>9</td>\n",
              "      <td>6</td>\n",
              "      <td>10</td>\n",
              "      <td>8</td>\n",
              "      <td>7</td>\n",
              "    </tr>\n",
              "    <tr>\n",
              "      <th>Anna</th>\n",
              "      <td>7</td>\n",
              "      <td>5</td>\n",
              "      <td>8</td>\n",
              "      <td>10</td>\n",
              "      <td>5</td>\n",
              "      <td>5</td>\n",
              "      <td>7</td>\n",
              "      <td>9</td>\n",
              "      <td>1</td>\n",
              "    </tr>\n",
              "    <tr>\n",
              "      <th>Christopher</th>\n",
              "      <td>9</td>\n",
              "      <td>5</td>\n",
              "      <td>10</td>\n",
              "      <td>10</td>\n",
              "      <td>5</td>\n",
              "      <td>8</td>\n",
              "      <td>8</td>\n",
              "      <td>8</td>\n",
              "      <td>8</td>\n",
              "    </tr>\n",
              "    <tr>\n",
              "      <th>Fabian</th>\n",
              "      <td>9</td>\n",
              "      <td>5</td>\n",
              "      <td>9</td>\n",
              "      <td>7</td>\n",
              "      <td>3</td>\n",
              "      <td>5</td>\n",
              "      <td>8</td>\n",
              "      <td>3</td>\n",
              "      <td>4</td>\n",
              "    </tr>\n",
              "    <tr>\n",
              "      <th>Hülya</th>\n",
              "      <td>10</td>\n",
              "      <td>10</td>\n",
              "      <td>8</td>\n",
              "      <td>3</td>\n",
              "      <td>8</td>\n",
              "      <td>5</td>\n",
              "      <td>10</td>\n",
              "      <td>10</td>\n",
              "      <td>0</td>\n",
              "    </tr>\n",
              "    <tr>\n",
              "      <th>Joldon</th>\n",
              "      <td>6</td>\n",
              "      <td>6</td>\n",
              "      <td>9</td>\n",
              "      <td>9</td>\n",
              "      <td>4</td>\n",
              "      <td>5</td>\n",
              "      <td>10</td>\n",
              "      <td>7</td>\n",
              "      <td>8</td>\n",
              "    </tr>\n",
              "    <tr>\n",
              "      <th>Karolina</th>\n",
              "      <td>9</td>\n",
              "      <td>2</td>\n",
              "      <td>10</td>\n",
              "      <td>0</td>\n",
              "      <td>7</td>\n",
              "      <td>5</td>\n",
              "      <td>8</td>\n",
              "      <td>8</td>\n",
              "      <td>1</td>\n",
              "    </tr>\n",
              "    <tr>\n",
              "      <th>Lisardo</th>\n",
              "      <td>8</td>\n",
              "      <td>9</td>\n",
              "      <td>2</td>\n",
              "      <td>6</td>\n",
              "      <td>6</td>\n",
              "      <td>7</td>\n",
              "      <td>10</td>\n",
              "      <td>1</td>\n",
              "      <td>9</td>\n",
              "    </tr>\n",
              "    <tr>\n",
              "      <th>Nessa</th>\n",
              "      <td>9</td>\n",
              "      <td>9</td>\n",
              "      <td>6</td>\n",
              "      <td>3</td>\n",
              "      <td>1</td>\n",
              "      <td>8</td>\n",
              "      <td>3</td>\n",
              "      <td>5</td>\n",
              "      <td>5</td>\n",
              "    </tr>\n",
              "    <tr>\n",
              "      <th>Patrick</th>\n",
              "      <td>7</td>\n",
              "      <td>8</td>\n",
              "      <td>10</td>\n",
              "      <td>5</td>\n",
              "      <td>10</td>\n",
              "      <td>5</td>\n",
              "      <td>10</td>\n",
              "      <td>0</td>\n",
              "      <td>3</td>\n",
              "    </tr>\n",
              "    <tr>\n",
              "      <th>Simge</th>\n",
              "      <td>10</td>\n",
              "      <td>5</td>\n",
              "      <td>7</td>\n",
              "      <td>10</td>\n",
              "      <td>10</td>\n",
              "      <td>8</td>\n",
              "      <td>10</td>\n",
              "      <td>10</td>\n",
              "      <td>6</td>\n",
              "    </tr>\n",
              "    <tr>\n",
              "      <th>Sri Saleela</th>\n",
              "      <td>10</td>\n",
              "      <td>6</td>\n",
              "      <td>0</td>\n",
              "      <td>0</td>\n",
              "      <td>7</td>\n",
              "      <td>9</td>\n",
              "      <td>8</td>\n",
              "      <td>7</td>\n",
              "      <td>0</td>\n",
              "    </tr>\n",
              "    <tr>\n",
              "      <th>Joan</th>\n",
              "      <td>4</td>\n",
              "      <td>0</td>\n",
              "      <td>10</td>\n",
              "      <td>2</td>\n",
              "      <td>5</td>\n",
              "      <td>0</td>\n",
              "      <td>8</td>\n",
              "      <td>9</td>\n",
              "      <td>8</td>\n",
              "    </tr>\n",
              "  </tbody>\n",
              "</table>\n",
              "</div>"
            ],
            "text/plain": [
              "             broccoli  brussels_sprouts  hamburger (meat)  oysters (raw)  \\\n",
              "student                                                                    \n",
              "Agustín             6                 6                 9              8   \n",
              "Anna                7                 5                 8             10   \n",
              "Christopher         9                 5                10             10   \n",
              "Fabian              9                 5                 9              7   \n",
              "Hülya              10                10                 8              3   \n",
              "Joldon              6                 6                 9              9   \n",
              "Karolina            9                 2                10              0   \n",
              "Lisardo             8                 9                 2              6   \n",
              "Nessa               9                 9                 6              3   \n",
              "Patrick             7                 8                10              5   \n",
              "Simge              10                 5                 7             10   \n",
              "Sri Saleela        10                 6                 0              0   \n",
              "Joan                4                 0                10              2   \n",
              "\n",
              "              onion (raw)  peas  olives  blue_cheese  whisky  \n",
              "student                                                       \n",
              "Agustín                 9     6      10            8       7  \n",
              "Anna                    5     5       7            9       1  \n",
              "Christopher             5     8       8            8       8  \n",
              "Fabian                  3     5       8            3       4  \n",
              "Hülya                   8     5      10           10       0  \n",
              "Joldon                  4     5      10            7       8  \n",
              "Karolina                7     5       8            8       1  \n",
              "Lisardo                 6     7      10            1       9  \n",
              "Nessa                   1     8       3            5       5  \n",
              "Patrick                10     5      10            0       3  \n",
              "Simge                  10     8      10           10       6  \n",
              "Sri Saleela             7     9       8            7       0  \n",
              "Joan                    5     0       8            9       8  "
            ]
          },
          "execution_count": 3,
          "metadata": {},
          "output_type": "execute_result"
        }
      ],
      "source": [
        "sheet_id = '13n9SfqHIyzPHXzdPK0zqRE3gGfwkwe2vb9_ZjYYRpr8'\n",
        "sheet_name = 'DS015'\n",
        "url =  f'https://docs.google.com/spreadsheets/d/{sheet_id}/gviz/tq?tqx=out:csv&sheet={sheet_name}'\n",
        "\n",
        "df = pd.read_csv(url, index_col='student', nrows=13)\n",
        "df.drop(['age','favorite_color'], axis=1, inplace=True)\n",
        "df"
      ]
    },
    {
      "cell_type": "code",
      "execution_count": 4,
      "id": "U-qE-qvOpGfQ",
      "metadata": {
        "colab": {
          "base_uri": "https://localhost:8080/"
        },
        "id": "U-qE-qvOpGfQ",
        "outputId": "1623fabf-a697-45c4-f630-05b2c7454e9d"
      },
      "outputs": [
        {
          "data": {
            "text/plain": [
              "student\n",
              "Joan            4\n",
              "Agustín         6\n",
              "Joldon          6\n",
              "Anna            7\n",
              "Patrick         7\n",
              "Lisardo         8\n",
              "Christopher     9\n",
              "Fabian          9\n",
              "Karolina        9\n",
              "Nessa           9\n",
              "Hülya          10\n",
              "Simge          10\n",
              "Sri Saleela    10\n",
              "Name: broccoli, dtype: int64"
            ]
          },
          "execution_count": 4,
          "metadata": {},
          "output_type": "execute_result"
        }
      ],
      "source": [
        "df.broccoli.sort_values()"
      ]
    },
    {
      "cell_type": "markdown",
      "id": "9Mg2EoqYn1ty",
      "metadata": {
        "id": "9Mg2EoqYn1ty"
      },
      "source": [
        "### Using scikitLearn `pairwise_distances`"
      ]
    },
    {
      "cell_type": "code",
      "execution_count": 5,
      "id": "cuJiO8-Zn0iK",
      "metadata": {
        "colab": {
          "base_uri": "https://localhost:8080/",
          "height": 488
        },
        "id": "cuJiO8-Zn0iK",
        "outputId": "5dc6bb02-26b9-4541-c072-a229e91a1034"
      },
      "outputs": [
        {
          "data": {
            "text/html": [
              "<div>\n",
              "<style scoped>\n",
              "    .dataframe tbody tr th:only-of-type {\n",
              "        vertical-align: middle;\n",
              "    }\n",
              "\n",
              "    .dataframe tbody tr th {\n",
              "        vertical-align: top;\n",
              "    }\n",
              "\n",
              "    .dataframe thead th {\n",
              "        text-align: right;\n",
              "    }\n",
              "</style>\n",
              "<table border=\"1\" class=\"dataframe\">\n",
              "  <thead>\n",
              "    <tr style=\"text-align: right;\">\n",
              "      <th>student</th>\n",
              "      <th>Agustín</th>\n",
              "      <th>Anna</th>\n",
              "      <th>Christopher</th>\n",
              "      <th>Fabian</th>\n",
              "      <th>Hülya</th>\n",
              "      <th>Joldon</th>\n",
              "      <th>Karolina</th>\n",
              "      <th>Lisardo</th>\n",
              "      <th>Nessa</th>\n",
              "      <th>Patrick</th>\n",
              "      <th>Simge</th>\n",
              "      <th>Sri Saleela</th>\n",
              "      <th>Joan</th>\n",
              "    </tr>\n",
              "    <tr>\n",
              "      <th>student</th>\n",
              "      <th></th>\n",
              "      <th></th>\n",
              "      <th></th>\n",
              "      <th></th>\n",
              "      <th></th>\n",
              "      <th></th>\n",
              "      <th></th>\n",
              "      <th></th>\n",
              "      <th></th>\n",
              "      <th></th>\n",
              "      <th></th>\n",
              "      <th></th>\n",
              "      <th></th>\n",
              "    </tr>\n",
              "  </thead>\n",
              "  <tbody>\n",
              "    <tr>\n",
              "      <th>Agustín</th>\n",
              "      <td>0.000000</td>\n",
              "      <td>8.366600</td>\n",
              "      <td>6.324555</td>\n",
              "      <td>9.273618</td>\n",
              "      <td>10.630146</td>\n",
              "      <td>5.385165</td>\n",
              "      <td>11.618950</td>\n",
              "      <td>11.357817</td>\n",
              "      <td>13.490738</td>\n",
              "      <td>9.848858</td>\n",
              "      <td>5.916080</td>\n",
              "      <td>15.099669</td>\n",
              "      <td>11.618950</td>\n",
              "    </tr>\n",
              "    <tr>\n",
              "      <th>Anna</th>\n",
              "      <td>8.366600</td>\n",
              "      <td>0.000000</td>\n",
              "      <td>8.246211</td>\n",
              "      <td>8.000000</td>\n",
              "      <td>10.148892</td>\n",
              "      <td>8.185353</td>\n",
              "      <td>11.090537</td>\n",
              "      <td>14.525839</td>\n",
              "      <td>12.083046</td>\n",
              "      <td>12.529964</td>\n",
              "      <td>8.888194</td>\n",
              "      <td>14.142136</td>\n",
              "      <td>13.304135</td>\n",
              "    </tr>\n",
              "    <tr>\n",
              "      <th>Christopher</th>\n",
              "      <td>6.324555</td>\n",
              "      <td>8.246211</td>\n",
              "      <td>0.000000</td>\n",
              "      <td>8.000000</td>\n",
              "      <td>13.000000</td>\n",
              "      <td>5.196152</td>\n",
              "      <td>13.076697</td>\n",
              "      <td>12.369317</td>\n",
              "      <td>11.832160</td>\n",
              "      <td>12.845233</td>\n",
              "      <td>6.855655</td>\n",
              "      <td>16.492423</td>\n",
              "      <td>13.379088</td>\n",
              "    </tr>\n",
              "    <tr>\n",
              "      <th>Fabian</th>\n",
              "      <td>9.273618</td>\n",
              "      <td>8.000000</td>\n",
              "      <td>8.000000</td>\n",
              "      <td>0.000000</td>\n",
              "      <td>11.704700</td>\n",
              "      <td>7.141428</td>\n",
              "      <td>10.440307</td>\n",
              "      <td>10.630146</td>\n",
              "      <td>9.165151</td>\n",
              "      <td>9.000000</td>\n",
              "      <td>11.357817</td>\n",
              "      <td>14.000000</td>\n",
              "      <td>12.529964</td>\n",
              "    </tr>\n",
              "    <tr>\n",
              "      <th>Hülya</th>\n",
              "      <td>10.630146</td>\n",
              "      <td>10.148892</td>\n",
              "      <td>13.000000</td>\n",
              "      <td>11.704700</td>\n",
              "      <td>0.000000</td>\n",
              "      <td>12.569805</td>\n",
              "      <td>9.380832</td>\n",
              "      <td>14.832397</td>\n",
              "      <td>12.767145</td>\n",
              "      <td>11.575837</td>\n",
              "      <td>11.135529</td>\n",
              "      <td>10.908712</td>\n",
              "      <td>15.620499</td>\n",
              "    </tr>\n",
              "    <tr>\n",
              "      <th>Joldon</th>\n",
              "      <td>5.385165</td>\n",
              "      <td>8.185353</td>\n",
              "      <td>5.196152</td>\n",
              "      <td>7.141428</td>\n",
              "      <td>12.569805</td>\n",
              "      <td>0.000000</td>\n",
              "      <td>13.038405</td>\n",
              "      <td>10.770330</td>\n",
              "      <td>11.958261</td>\n",
              "      <td>11.489125</td>\n",
              "      <td>8.944272</td>\n",
              "      <td>16.462078</td>\n",
              "      <td>11.135529</td>\n",
              "    </tr>\n",
              "    <tr>\n",
              "      <th>Karolina</th>\n",
              "      <td>11.618950</td>\n",
              "      <td>11.090537</td>\n",
              "      <td>13.076697</td>\n",
              "      <td>10.440307</td>\n",
              "      <td>9.380832</td>\n",
              "      <td>13.038405</td>\n",
              "      <td>0.000000</td>\n",
              "      <td>16.492423</td>\n",
              "      <td>13.000000</td>\n",
              "      <td>12.083046</td>\n",
              "      <td>13.038405</td>\n",
              "      <td>11.618950</td>\n",
              "      <td>10.583005</td>\n",
              "    </tr>\n",
              "    <tr>\n",
              "      <th>Lisardo</th>\n",
              "      <td>11.357817</td>\n",
              "      <td>14.525839</td>\n",
              "      <td>12.369317</td>\n",
              "      <td>10.630146</td>\n",
              "      <td>14.832397</td>\n",
              "      <td>10.770330</td>\n",
              "      <td>16.492423</td>\n",
              "      <td>0.000000</td>\n",
              "      <td>11.532563</td>\n",
              "      <td>11.135529</td>\n",
              "      <td>12.961481</td>\n",
              "      <td>13.379088</td>\n",
              "      <td>17.204651</td>\n",
              "    </tr>\n",
              "    <tr>\n",
              "      <th>Nessa</th>\n",
              "      <td>13.490738</td>\n",
              "      <td>12.083046</td>\n",
              "      <td>11.832160</td>\n",
              "      <td>9.165151</td>\n",
              "      <td>12.767145</td>\n",
              "      <td>11.958261</td>\n",
              "      <td>13.000000</td>\n",
              "      <td>11.532563</td>\n",
              "      <td>0.000000</td>\n",
              "      <td>13.892444</td>\n",
              "      <td>14.933185</td>\n",
              "      <td>12.083046</td>\n",
              "      <td>15.905974</td>\n",
              "    </tr>\n",
              "    <tr>\n",
              "      <th>Patrick</th>\n",
              "      <td>9.848858</td>\n",
              "      <td>12.529964</td>\n",
              "      <td>12.845233</td>\n",
              "      <td>9.000000</td>\n",
              "      <td>11.575837</td>\n",
              "      <td>11.489125</td>\n",
              "      <td>12.083046</td>\n",
              "      <td>11.135529</td>\n",
              "      <td>13.892444</td>\n",
              "      <td>0.000000</td>\n",
              "      <td>13.038405</td>\n",
              "      <td>15.000000</td>\n",
              "      <td>15.556349</td>\n",
              "    </tr>\n",
              "    <tr>\n",
              "      <th>Simge</th>\n",
              "      <td>5.916080</td>\n",
              "      <td>8.888194</td>\n",
              "      <td>6.855655</td>\n",
              "      <td>11.357817</td>\n",
              "      <td>11.135529</td>\n",
              "      <td>8.944272</td>\n",
              "      <td>13.038405</td>\n",
              "      <td>12.961481</td>\n",
              "      <td>14.933185</td>\n",
              "      <td>13.038405</td>\n",
              "      <td>0.000000</td>\n",
              "      <td>14.456832</td>\n",
              "      <td>15.231546</td>\n",
              "    </tr>\n",
              "    <tr>\n",
              "      <th>Sri Saleela</th>\n",
              "      <td>15.099669</td>\n",
              "      <td>14.142136</td>\n",
              "      <td>16.492423</td>\n",
              "      <td>14.000000</td>\n",
              "      <td>10.908712</td>\n",
              "      <td>16.462078</td>\n",
              "      <td>11.618950</td>\n",
              "      <td>13.379088</td>\n",
              "      <td>12.083046</td>\n",
              "      <td>15.000000</td>\n",
              "      <td>14.456832</td>\n",
              "      <td>0.000000</td>\n",
              "      <td>18.138357</td>\n",
              "    </tr>\n",
              "    <tr>\n",
              "      <th>Joan</th>\n",
              "      <td>11.618950</td>\n",
              "      <td>13.304135</td>\n",
              "      <td>13.379088</td>\n",
              "      <td>12.529964</td>\n",
              "      <td>15.620499</td>\n",
              "      <td>11.135529</td>\n",
              "      <td>10.583005</td>\n",
              "      <td>17.204651</td>\n",
              "      <td>15.905974</td>\n",
              "      <td>15.556349</td>\n",
              "      <td>15.231546</td>\n",
              "      <td>18.138357</td>\n",
              "      <td>0.000000</td>\n",
              "    </tr>\n",
              "  </tbody>\n",
              "</table>\n",
              "</div>"
            ],
            "text/plain": [
              "student        Agustín       Anna  Christopher     Fabian      Hülya  \\\n",
              "student                                                                \n",
              "Agustín       0.000000   8.366600     6.324555   9.273618  10.630146   \n",
              "Anna          8.366600   0.000000     8.246211   8.000000  10.148892   \n",
              "Christopher   6.324555   8.246211     0.000000   8.000000  13.000000   \n",
              "Fabian        9.273618   8.000000     8.000000   0.000000  11.704700   \n",
              "Hülya        10.630146  10.148892    13.000000  11.704700   0.000000   \n",
              "Joldon        5.385165   8.185353     5.196152   7.141428  12.569805   \n",
              "Karolina     11.618950  11.090537    13.076697  10.440307   9.380832   \n",
              "Lisardo      11.357817  14.525839    12.369317  10.630146  14.832397   \n",
              "Nessa        13.490738  12.083046    11.832160   9.165151  12.767145   \n",
              "Patrick       9.848858  12.529964    12.845233   9.000000  11.575837   \n",
              "Simge         5.916080   8.888194     6.855655  11.357817  11.135529   \n",
              "Sri Saleela  15.099669  14.142136    16.492423  14.000000  10.908712   \n",
              "Joan         11.618950  13.304135    13.379088  12.529964  15.620499   \n",
              "\n",
              "student         Joldon   Karolina    Lisardo      Nessa    Patrick      Simge  \\\n",
              "student                                                                         \n",
              "Agustín       5.385165  11.618950  11.357817  13.490738   9.848858   5.916080   \n",
              "Anna          8.185353  11.090537  14.525839  12.083046  12.529964   8.888194   \n",
              "Christopher   5.196152  13.076697  12.369317  11.832160  12.845233   6.855655   \n",
              "Fabian        7.141428  10.440307  10.630146   9.165151   9.000000  11.357817   \n",
              "Hülya        12.569805   9.380832  14.832397  12.767145  11.575837  11.135529   \n",
              "Joldon        0.000000  13.038405  10.770330  11.958261  11.489125   8.944272   \n",
              "Karolina     13.038405   0.000000  16.492423  13.000000  12.083046  13.038405   \n",
              "Lisardo      10.770330  16.492423   0.000000  11.532563  11.135529  12.961481   \n",
              "Nessa        11.958261  13.000000  11.532563   0.000000  13.892444  14.933185   \n",
              "Patrick      11.489125  12.083046  11.135529  13.892444   0.000000  13.038405   \n",
              "Simge         8.944272  13.038405  12.961481  14.933185  13.038405   0.000000   \n",
              "Sri Saleela  16.462078  11.618950  13.379088  12.083046  15.000000  14.456832   \n",
              "Joan         11.135529  10.583005  17.204651  15.905974  15.556349  15.231546   \n",
              "\n",
              "student      Sri Saleela       Joan  \n",
              "student                              \n",
              "Agustín        15.099669  11.618950  \n",
              "Anna           14.142136  13.304135  \n",
              "Christopher    16.492423  13.379088  \n",
              "Fabian         14.000000  12.529964  \n",
              "Hülya          10.908712  15.620499  \n",
              "Joldon         16.462078  11.135529  \n",
              "Karolina       11.618950  10.583005  \n",
              "Lisardo        13.379088  17.204651  \n",
              "Nessa          12.083046  15.905974  \n",
              "Patrick        15.000000  15.556349  \n",
              "Simge          14.456832  15.231546  \n",
              "Sri Saleela     0.000000  18.138357  \n",
              "Joan           18.138357   0.000000  "
            ]
          },
          "execution_count": 5,
          "metadata": {},
          "output_type": "execute_result"
        }
      ],
      "source": [
        "from sklearn.metrics import pairwise_distances\n",
        "\n",
        "# Euclidean (by default)\n",
        "eucl = pd.DataFrame(pairwise_distances(df), \n",
        "                    index=df.index, \n",
        "                    columns=df.index)\n",
        "eucl"
      ]
    },
    {
      "cell_type": "markdown",
      "id": "ALe5-cN2xwPa",
      "metadata": {
        "id": "ALe5-cN2xwPa"
      },
      "source": [
        "**Challenge:** Explore the documentation of scikit-learn's pairwise distances function and create a dataframe like the one above, but using Manhattan distances.\n",
        "\n",
        "https://scikit-learn.org/stable/modules/generated/sklearn.metrics.pairwise_distances.html"
      ]
    },
    {
      "cell_type": "code",
      "execution_count": 6,
      "id": "CMMzfSFmxH6X",
      "metadata": {
        "id": "CMMzfSFmxH6X"
      },
      "outputs": [
        {
          "data": {
            "text/html": [
              "<div>\n",
              "<style scoped>\n",
              "    .dataframe tbody tr th:only-of-type {\n",
              "        vertical-align: middle;\n",
              "    }\n",
              "\n",
              "    .dataframe tbody tr th {\n",
              "        vertical-align: top;\n",
              "    }\n",
              "\n",
              "    .dataframe thead th {\n",
              "        text-align: right;\n",
              "    }\n",
              "</style>\n",
              "<table border=\"1\" class=\"dataframe\">\n",
              "  <thead>\n",
              "    <tr style=\"text-align: right;\">\n",
              "      <th>student</th>\n",
              "      <th>Agustín</th>\n",
              "      <th>Anna</th>\n",
              "      <th>Christopher</th>\n",
              "      <th>Fabian</th>\n",
              "      <th>Hülya</th>\n",
              "      <th>Joldon</th>\n",
              "      <th>Karolina</th>\n",
              "      <th>Lisardo</th>\n",
              "      <th>Nessa</th>\n",
              "      <th>Patrick</th>\n",
              "      <th>Simge</th>\n",
              "      <th>Sri Saleela</th>\n",
              "      <th>Joan</th>\n",
              "    </tr>\n",
              "    <tr>\n",
              "      <th>student</th>\n",
              "      <th></th>\n",
              "      <th></th>\n",
              "      <th></th>\n",
              "      <th></th>\n",
              "      <th></th>\n",
              "      <th></th>\n",
              "      <th></th>\n",
              "      <th></th>\n",
              "      <th></th>\n",
              "      <th></th>\n",
              "      <th></th>\n",
              "      <th></th>\n",
              "      <th></th>\n",
              "    </tr>\n",
              "  </thead>\n",
              "  <tbody>\n",
              "    <tr>\n",
              "      <th>Agustín</th>\n",
              "      <td>0.0</td>\n",
              "      <td>20.0</td>\n",
              "      <td>16.0</td>\n",
              "      <td>22.0</td>\n",
              "      <td>25.0</td>\n",
              "      <td>9.0</td>\n",
              "      <td>27.0</td>\n",
              "      <td>27.0</td>\n",
              "      <td>36.0</td>\n",
              "      <td>21.0</td>\n",
              "      <td>15.0</td>\n",
              "      <td>36.0</td>\n",
              "      <td>29.0</td>\n",
              "    </tr>\n",
              "    <tr>\n",
              "      <th>Anna</th>\n",
              "      <td>20.0</td>\n",
              "      <td>0.0</td>\n",
              "      <td>16.0</td>\n",
              "      <td>18.0</td>\n",
              "      <td>23.0</td>\n",
              "      <td>17.0</td>\n",
              "      <td>21.0</td>\n",
              "      <td>37.0</td>\n",
              "      <td>34.0</td>\n",
              "      <td>29.0</td>\n",
              "      <td>21.0</td>\n",
              "      <td>32.0</td>\n",
              "      <td>31.0</td>\n",
              "    </tr>\n",
              "    <tr>\n",
              "      <th>Christopher</th>\n",
              "      <td>16.0</td>\n",
              "      <td>16.0</td>\n",
              "      <td>0.0</td>\n",
              "      <td>18.0</td>\n",
              "      <td>33.0</td>\n",
              "      <td>13.0</td>\n",
              "      <td>25.0</td>\n",
              "      <td>29.0</td>\n",
              "      <td>30.0</td>\n",
              "      <td>33.0</td>\n",
              "      <td>15.0</td>\n",
              "      <td>34.0</td>\n",
              "      <td>27.0</td>\n",
              "    </tr>\n",
              "    <tr>\n",
              "      <th>Fabian</th>\n",
              "      <td>22.0</td>\n",
              "      <td>18.0</td>\n",
              "      <td>18.0</td>\n",
              "      <td>0.0</td>\n",
              "      <td>29.0</td>\n",
              "      <td>17.0</td>\n",
              "      <td>23.0</td>\n",
              "      <td>27.0</td>\n",
              "      <td>24.0</td>\n",
              "      <td>21.0</td>\n",
              "      <td>27.0</td>\n",
              "      <td>34.0</td>\n",
              "      <td>33.0</td>\n",
              "    </tr>\n",
              "    <tr>\n",
              "      <th>Hülya</th>\n",
              "      <td>25.0</td>\n",
              "      <td>23.0</td>\n",
              "      <td>33.0</td>\n",
              "      <td>29.0</td>\n",
              "      <td>0.0</td>\n",
              "      <td>30.0</td>\n",
              "      <td>20.0</td>\n",
              "      <td>34.0</td>\n",
              "      <td>31.0</td>\n",
              "      <td>24.0</td>\n",
              "      <td>24.0</td>\n",
              "      <td>25.0</td>\n",
              "      <td>38.0</td>\n",
              "    </tr>\n",
              "    <tr>\n",
              "      <th>Joldon</th>\n",
              "      <td>9.0</td>\n",
              "      <td>17.0</td>\n",
              "      <td>13.0</td>\n",
              "      <td>17.0</td>\n",
              "      <td>30.0</td>\n",
              "      <td>0.0</td>\n",
              "      <td>30.0</td>\n",
              "      <td>26.0</td>\n",
              "      <td>33.0</td>\n",
              "      <td>26.0</td>\n",
              "      <td>22.0</td>\n",
              "      <td>39.0</td>\n",
              "      <td>26.0</td>\n",
              "    </tr>\n",
              "    <tr>\n",
              "      <th>Karolina</th>\n",
              "      <td>27.0</td>\n",
              "      <td>21.0</td>\n",
              "      <td>25.0</td>\n",
              "      <td>23.0</td>\n",
              "      <td>20.0</td>\n",
              "      <td>30.0</td>\n",
              "      <td>0.0</td>\n",
              "      <td>42.0</td>\n",
              "      <td>35.0</td>\n",
              "      <td>28.0</td>\n",
              "      <td>32.0</td>\n",
              "      <td>21.0</td>\n",
              "      <td>24.0</td>\n",
              "    </tr>\n",
              "    <tr>\n",
              "      <th>Lisardo</th>\n",
              "      <td>27.0</td>\n",
              "      <td>37.0</td>\n",
              "      <td>29.0</td>\n",
              "      <td>27.0</td>\n",
              "      <td>34.0</td>\n",
              "      <td>26.0</td>\n",
              "      <td>42.0</td>\n",
              "      <td>0.0</td>\n",
              "      <td>29.0</td>\n",
              "      <td>24.0</td>\n",
              "      <td>32.0</td>\n",
              "      <td>33.0</td>\n",
              "      <td>44.0</td>\n",
              "    </tr>\n",
              "    <tr>\n",
              "      <th>Nessa</th>\n",
              "      <td>36.0</td>\n",
              "      <td>34.0</td>\n",
              "      <td>30.0</td>\n",
              "      <td>24.0</td>\n",
              "      <td>31.0</td>\n",
              "      <td>33.0</td>\n",
              "      <td>35.0</td>\n",
              "      <td>29.0</td>\n",
              "      <td>0.0</td>\n",
              "      <td>35.0</td>\n",
              "      <td>35.0</td>\n",
              "      <td>32.0</td>\n",
              "      <td>43.0</td>\n",
              "    </tr>\n",
              "    <tr>\n",
              "      <th>Patrick</th>\n",
              "      <td>21.0</td>\n",
              "      <td>29.0</td>\n",
              "      <td>33.0</td>\n",
              "      <td>21.0</td>\n",
              "      <td>24.0</td>\n",
              "      <td>26.0</td>\n",
              "      <td>28.0</td>\n",
              "      <td>24.0</td>\n",
              "      <td>35.0</td>\n",
              "      <td>0.0</td>\n",
              "      <td>30.0</td>\n",
              "      <td>39.0</td>\n",
              "      <td>40.0</td>\n",
              "    </tr>\n",
              "    <tr>\n",
              "      <th>Simge</th>\n",
              "      <td>15.0</td>\n",
              "      <td>21.0</td>\n",
              "      <td>15.0</td>\n",
              "      <td>27.0</td>\n",
              "      <td>24.0</td>\n",
              "      <td>22.0</td>\n",
              "      <td>32.0</td>\n",
              "      <td>32.0</td>\n",
              "      <td>35.0</td>\n",
              "      <td>30.0</td>\n",
              "      <td>0.0</td>\n",
              "      <td>33.0</td>\n",
              "      <td>40.0</td>\n",
              "    </tr>\n",
              "    <tr>\n",
              "      <th>Sri Saleela</th>\n",
              "      <td>36.0</td>\n",
              "      <td>32.0</td>\n",
              "      <td>34.0</td>\n",
              "      <td>34.0</td>\n",
              "      <td>25.0</td>\n",
              "      <td>39.0</td>\n",
              "      <td>21.0</td>\n",
              "      <td>33.0</td>\n",
              "      <td>32.0</td>\n",
              "      <td>39.0</td>\n",
              "      <td>33.0</td>\n",
              "      <td>0.0</td>\n",
              "      <td>45.0</td>\n",
              "    </tr>\n",
              "    <tr>\n",
              "      <th>Joan</th>\n",
              "      <td>29.0</td>\n",
              "      <td>31.0</td>\n",
              "      <td>27.0</td>\n",
              "      <td>33.0</td>\n",
              "      <td>38.0</td>\n",
              "      <td>26.0</td>\n",
              "      <td>24.0</td>\n",
              "      <td>44.0</td>\n",
              "      <td>43.0</td>\n",
              "      <td>40.0</td>\n",
              "      <td>40.0</td>\n",
              "      <td>45.0</td>\n",
              "      <td>0.0</td>\n",
              "    </tr>\n",
              "  </tbody>\n",
              "</table>\n",
              "</div>"
            ],
            "text/plain": [
              "student      Agustín  Anna  Christopher  Fabian  Hülya  Joldon  Karolina  \\\n",
              "student                                                                    \n",
              "Agustín          0.0  20.0         16.0    22.0   25.0     9.0      27.0   \n",
              "Anna            20.0   0.0         16.0    18.0   23.0    17.0      21.0   \n",
              "Christopher     16.0  16.0          0.0    18.0   33.0    13.0      25.0   \n",
              "Fabian          22.0  18.0         18.0     0.0   29.0    17.0      23.0   \n",
              "Hülya           25.0  23.0         33.0    29.0    0.0    30.0      20.0   \n",
              "Joldon           9.0  17.0         13.0    17.0   30.0     0.0      30.0   \n",
              "Karolina        27.0  21.0         25.0    23.0   20.0    30.0       0.0   \n",
              "Lisardo         27.0  37.0         29.0    27.0   34.0    26.0      42.0   \n",
              "Nessa           36.0  34.0         30.0    24.0   31.0    33.0      35.0   \n",
              "Patrick         21.0  29.0         33.0    21.0   24.0    26.0      28.0   \n",
              "Simge           15.0  21.0         15.0    27.0   24.0    22.0      32.0   \n",
              "Sri Saleela     36.0  32.0         34.0    34.0   25.0    39.0      21.0   \n",
